3.000000E-01
3.000000E-01
3.000000E-01
3.000000E-01
3.000000E-01
3.000000E-01
3.000000E-01
3.000000E-01
3.000000E-01
3.000000E-01
3.000000E-01
3.000000E-01
3.000000E-01
3.000000E-01
3.000000E-01
3.000000E-01
3.000000E-01
3.000000E-01
3.000000E-01
3.000000E-01
3.000000E-01
3.000000E-01
3.000000E-01
3.000000E-01
3.000000E-01
3.000000E-01
3.000000E-01
3.000000E-01
3.000000E-01
3.000000E-01
3.000000E-01
3.000000E-01
3.000000E-01
3.000000E-01
3.000000E-01
3.000000E-01
3.000000E-01
3.000000E-01
3.000000E-01
3.000000E-01
3.000000E-01
3.000000E-01
3.000000E-01
3.000000E-01
3.000000E-01
3.000000E-01
3.000000E-01
3.000000E-01
3.000000E-01
3.000000E-01
3.000000E-01
3.000000E-01
3.000000E-01
3.000000E-01
3.000000E-01
3.000000E-01
3.000000E-01
3.000000E-01
3.000000E-01
3.000000E-01
3.000000E-01
3.000000E-01
3.000000E-01
3.000000E-01
3.000000E-01
3.000000E-01
3.000000E-01
3.000000E-01
3.000000E-01
3.000000E-01
3.000000E-01
3.000000E-01
3.000000E-01
3.000000E-01
3.000000E-01
3.000000E-01
3.000000E-01
3.000000E-01
3.000000E-01
3.000000E-01
3.000000E-01
3.000000E-01
3.000000E-01
3.000000E-01
3.000000E-01
3.000000E-01
3.000000E-01
3.000000E-01
3.000000E-01
3.000000E-01
3.000000E-01
3.000000E-01
3.000000E-01
3.000000E-01
3.000000E-01
3.000000E-01
3.000000E-01
3.000000E-01
3.000000E-01
3.000000E-01
3.000000E-01
3.000000E-01
3.000000E-01
3.000000E-01
3.000000E-01
3.000000E-01
3.000000E-01
3.000000E-01
3.000000E-01
3.000000E-01
3.000000E-01
3.000000E-01
3.000000E-01
3.000000E-01
3.000000E-01
3.000000E-01
3.000000E-01
3.000000E-01
3.000000E-01
3.000000E-01
3.000000E-01
3.000000E-01
3.000000E-01
3.000000E-01
3.000000E-01
3.000000E-01
3.000000E-01
3.000000E-01
2.994620E-01
2.982806E-01
2.971039E-01
2.959318E-01
2.947643E-01
2.936014E-01
2.924432E-01
2.912895E-01
2.901403E-01
2.889957E-01
2.878556E-01
2.867200E-01
2.855888E-01
2.844622E-01
2.833400E-01
2.822222E-01
2.811088E-01
2.799998E-01
2.788952E-01
2.777949E-01
2.766990E-01
2.756074E-01
2.745201E-01
2.734371E-01
2.723584E-01
2.712839E-01
2.702137E-01
2.691477E-01
2.680859E-01
2.670283E-01
2.659748E-01
2.649255E-01
2.638804E-01
2.628394E-01
2.618024E-01
2.607696E-01
2.597409E-01
2.587162E-01
2.576955E-01
2.566789E-01
2.556663E-01
2.546577E-01
2.536530E-01
2.526523E-01
2.516556E-01
2.506628E-01
2.496739E-01
2.486890E-01
2.477079E-01
2.467306E-01
2.457573E-01
2.447877E-01
2.438220E-01
2.428602E-01
2.419021E-01
2.409477E-01
2.399972E-01
2.390504E-01
2.381073E-01
2.371680E-01
2.362323E-01
2.353004E-01
2.343721E-01
2.334475E-01
2.325265E-01
2.316092E-01
2.306955E-01
2.297854E-01
2.288789E-01
2.279759E-01
2.270765E-01
2.261807E-01
2.252884E-01
2.243996E-01
2.235144E-01
2.226326E-01
2.217543E-01
2.208794E-01
2.200081E-01
2.191401E-01
2.182756E-01
2.174145E-01
2.165568E-01
2.157024E-01
2.148515E-01
2.140039E-01
2.131596E-01
2.123187E-01
2.114811E-01
2.106468E-01
2.098158E-01
2.089880E-01
2.081636E-01
2.073423E-01
2.065244E-01
2.057096E-01
2.048981E-01
2.040897E-01
2.032846E-01
2.024826E-01
2.016838E-01
2.008882E-01
2.000956E-01
1.993063E-01
1.985200E-01
1.977368E-01
1.969567E-01
1.961797E-01
1.954058E-01
1.946349E-01
1.938670E-01
1.931022E-01
1.923404E-01
1.915816E-01
1.908258E-01
1.900730E-01
1.893232E-01
1.885763E-01
1.878323E-01
1.870913E-01
1.863532E-01
1.856181E-01
1.848858E-01
1.841564E-01
1.834299E-01
1.827062E-01
1.819855E-01
1.812675E-01
1.805524E-01
1.798401E-01
1.791306E-01
1.784240E-01
1.777201E-01
1.770189E-01
1.763206E-01
1.756250E-01
1.749321E-01
1.742420E-01
1.735546E-01
1.728699E-01
1.721880E-01
1.715087E-01
1.708321E-01
1.701581E-01
1.694868E-01
1.688182E-01
1.681522E-01
1.674888E-01
1.668281E-01
1.661699E-01
1.655144E-01
1.648614E-01
1.642110E-01
1.635632E-01
1.629179E-01
1.622752E-01
1.616350E-01
1.609974E-01
1.603622E-01
1.597296E-01
1.590994E-01
1.584718E-01
1.578466E-01
1.572239E-01
1.566036E-01
1.559858E-01
1.553704E-01
1.547575E-01
1.541470E-01
1.535389E-01
1.529331E-01
1.523298E-01
1.517289E-01
1.511303E-01
1.505341E-01
1.499402E-01
1.493487E-01
1.487595E-01
1.481726E-01
1.475881E-01
1.470058E-01
1.464259E-01
1.458482E-01
1.452728E-01
1.446997E-01
1.441289E-01
1.435603E-01
1.429939E-01
1.424298E-01
1.418679E-01
1.413082E-01
1.407508E-01
1.401955E-01
1.396424E-01
1.390915E-01
1.385428E-01
1.379962E-01
1.374518E-01
1.369096E-01
1.363695E-01
1.358315E-01
1.352956E-01
1.347619E-01
1.342302E-01
1.337007E-01
1.331732E-01
1.326478E-01
1.321245E-01
1.316033E-01
1.310841E-01
1.305670E-01
1.300519E-01
1.295388E-01
1.290278E-01
1.285188E-01
1.280117E-01
1.275067E-01
1.270037E-01
1.265027E-01
1.260036E-01
1.255065E-01
1.250114E-01
1.245182E-01
1.240270E-01
1.235377E-01
1.230503E-01
1.225649E-01
1.220814E-01
1.215997E-01
1.211200E-01
1.206422E-01
1.201662E-01
1.196922E-01
1.192200E-01
1.187497E-01
1.182812E-01
1.178146E-01
1.173498E-01
1.168868E-01
1.164257E-01
1.159664E-01
1.155089E-01
1.150532E-01
1.145993E-01
1.141472E-01
1.136969E-01
1.132484E-01
1.128016E-01
1.123566E-01
1.119133E-01
1.114718E-01
1.110321E-01
1.105940E-01
1.101577E-01
1.097231E-01
1.092903E-01
1.088591E-01
1.084297E-01
1.080019E-01
1.075758E-01
1.071514E-01
1.067287E-01
1.063077E-01
1.058883E-01
1.054705E-01
1.050545E-01
1.046400E-01
1.042272E-01
1.038160E-01
1.034065E-01
1.029985E-01
1.025922E-01
1.021874E-01
1.017843E-01
1.013828E-01
1.009828E-01
1.005844E-01
1.001876E-01
9.979236E-02
9.939867E-02
9.900654E-02
9.861595E-02
9.822691E-02
9.783939E-02
9.745341E-02
9.706895E-02
9.668601E-02
9.630458E-02
9.592465E-02
9.554622E-02
9.516929E-02
9.479384E-02
9.441987E-02
9.404738E-02
9.367636E-02
9.330680E-02
9.293870E-02
9.257205E-02
9.220684E-02
9.184308E-02
9.148076E-02
9.111986E-02
9.076039E-02
9.040233E-02
9.004569E-02
8.969045E-02
8.933662E-02
8.898418E-02
8.863313E-02
8.828347E-02
8.793519E-02
8.758828E-02
8.724273E-02
8.689856E-02
8.655574E-02
8.621427E-02
8.587415E-02
8.553537E-02
8.519793E-02
8.486182E-02
8.452703E-02
8.419357E-02
8.386142E-02
8.353058E-02
8.320105E-02
8.287281E-02
8.254588E-02
8.222023E-02
8.189586E-02
8.157278E-02
8.125097E-02
8.093043E-02
8.061115E-02
8.029314E-02
7.997638E-02
7.966087E-02
7.934660E-02
7.903357E-02
7.872178E-02
7.841122E-02
7.810188E-02
7.779376E-02
7.748686E-02
7.718117E-02
7.687669E-02
7.657340E-02
7.627132E-02
7.597042E-02
7.567071E-02
7.537219E-02
7.507484E-02
7.477867E-02
7.448366E-02
7.418982E-02
7.389713E-02
7.360561E-02
7.331523E-02
7.302599E-02
7.273790E-02
7.245095E-02
7.216512E-02
7.188043E-02
7.159685E-02
7.131440E-02
7.103306E-02
7.075283E-02
7.047371E-02
7.019568E-02
6.991876E-02
6.964292E-02
6.936818E-02
6.909452E-02
6.882193E-02
6.855043E-02
6.827999E-02
6.801062E-02
6.774232E-02
6.747507E-02
6.720888E-02
6.694373E-02
6.667964E-02
6.641658E-02
6.615456E-02
6.589358E-02
6.563363E-02
6.537470E-02
6.511679E-02
6.485990E-02
6.460402E-02
6.434916E-02
6.409530E-02
6.384244E-02
6.359057E-02
6.333971E-02
6.308983E-02
6.284093E-02
6.259302E-02
6.234609E-02
6.210013E-02
6.185514E-02
6.161112E-02
6.136806E-02
6.112596E-02
6.088481E-02
6.064462E-02
6.040537E-02
6.016707E-02
5.992971E-02
5.969328E-02
5.945779E-02
5.922322E-02
5.898958E-02
5.875686E-02
5.852507E-02
5.829418E-02
5.806421E-02
5.783514E-02
5.760698E-02
5.737971E-02
5.715335E-02
5.692787E-02
5.670329E-02
5.647959E-02
5.625678E-02
5.603484E-02
5.581378E-02
5.559359E-02
5.537427E-02
5.515582E-02
5.493822E-02
5.472149E-02
5.450561E-02
5.429058E-02
5.407640E-02
5.386307E-02
5.365057E-02
5.343892E-02
5.322810E-02
5.301811E-02
5.280895E-02
5.260062E-02
5.239310E-02
5.218641E-02
5.198053E-02
5.177546E-02
5.157121E-02
5.155615E-02
5.155615E-02
5.155615E-02
5.155615E-02
5.155615E-02
5.155615E-02
5.155615E-02
5.155615E-02
5.155615E-02
5.155615E-02
5.155615E-02
5.155615E-02
5.155615E-02
5.155615E-02
5.155615E-02
5.155615E-02
5.155615E-02
5.155615E-02
5.155615E-02
5.155615E-02
5.155615E-02
5.155615E-02
5.155615E-02
5.155615E-02
5.155615E-02
5.155615E-02
5.161333E-02
5.167062E-02
5.172802E-02
5.178551E-02
5.184311E-02
5.190082E-02
5.195863E-02
5.201654E-02
5.207456E-02
5.213269E-02
5.219092E-02
5.224926E-02
5.230771E-02
5.236627E-02
5.242493E-02
5.248371E-02
5.254259E-02
5.260159E-02
5.266069E-02
5.271991E-02
5.277923E-02
5.283867E-02
5.289822E-02
5.295789E-02
5.301767E-02
5.307756E-02
5.313757E-02
5.319769E-02
5.325793E-02
5.331828E-02
5.337876E-02
5.343935E-02
5.350005E-02
5.356088E-02
5.362182E-02
5.368289E-02
5.374407E-02
5.380538E-02
5.386681E-02
5.392836E-02
5.399003E-02
5.405183E-02
5.411375E-02
5.417579E-02
5.423796E-02
5.430026E-02
5.436268E-02
5.442523E-02
5.448790E-02
5.455071E-02
5.461364E-02
5.467671E-02
5.473990E-02
5.480323E-02
5.486668E-02
5.493027E-02
5.499399E-02
5.505785E-02
5.512184E-02
5.518596E-02
5.525022E-02
5.531462E-02
5.537915E-02
5.544383E-02
5.550864E-02
5.557359E-02
5.563868E-02
5.570391E-02
5.576928E-02
5.583480E-02
5.590046E-02
5.596626E-02
5.603221E-02
5.609831E-02
5.616455E-02
5.623093E-02
5.629747E-02
5.636415E-02
5.643099E-02
5.649797E-02
5.656511E-02
5.663239E-02
5.669984E-02
5.676743E-02
5.683518E-02
5.690309E-02
5.697115E-02
5.703937E-02
5.710775E-02
5.717628E-02
5.724498E-02
5.731384E-02
5.738286E-02
5.745205E-02
5.752140E-02
5.759091E-02
5.766059E-02
5.773044E-02
5.780045E-02
5.787064E-02
5.794099E-02
5.801152E-02
5.808221E-02
5.815308E-02
5.822413E-02
5.829535E-02
5.836675E-02
5.843832E-02
5.851007E-02
5.858201E-02
5.865412E-02
5.872641E-02
5.879889E-02
5.887156E-02
5.894440E-02
5.901744E-02
5.909066E-02
5.916407E-02
5.923768E-02
5.931147E-02
5.938546E-02
5.945964E-02
5.953401E-02
5.960859E-02
5.968336E-02
5.975833E-02
5.983350E-02
5.990887E-02
5.998445E-02
6.006023E-02
6.013621E-02
6.021241E-02
6.028881E-02
6.036542E-02
6.044225E-02
6.051928E-02
6.059654E-02
6.067400E-02
6.075169E-02
6.082959E-02
6.090772E-02
6.098607E-02
6.106464E-02
6.114344E-02
6.122246E-02
6.130171E-02
6.138120E-02
6.146091E-02
6.154086E-02
6.162104E-02
6.170146E-02
6.178212E-02
6.186302E-02
6.194417E-02
6.202555E-02
6.210718E-02
6.218906E-02
6.227119E-02
6.235358E-02
6.243621E-02
6.251910E-02
6.260225E-02
6.268566E-02
6.276932E-02
6.285326E-02
6.293745E-02
6.302192E-02
6.310665E-02
6.319166E-02
6.327694E-02
6.336249E-02
6.344833E-02
6.353444E-02
6.362084E-02
6.370752E-02
6.379449E-02
6.388175E-02
6.396930E-02
6.405714E-02
6.414529E-02
6.423373E-02
6.432247E-02
6.441152E-02
6.450087E-02
6.459054E-02
6.468051E-02
6.477080E-02
6.486141E-02
6.495234E-02
6.504359E-02
6.513517E-02
6.522707E-02
6.531931E-02
6.541188E-02
6.550479E-02
6.559804E-02
6.569163E-02
6.578557E-02
6.587985E-02
6.597449E-02
6.606949E-02
6.616485E-02
6.626056E-02
6.635665E-02
6.645310E-02
6.654992E-02
6.664713E-02
6.674471E-02
6.684267E-02
6.694102E-02
6.703976E-02
6.713889E-02
6.723843E-02
6.733836E-02
6.743870E-02
6.753945E-02
6.764062E-02
6.774220E-02
6.784420E-02
6.794663E-02
6.804949E-02
6.815278E-02
6.825651E-02
6.836069E-02
6.846531E-02
6.857039E-02
6.867592E-02
6.878192E-02
6.888838E-02
6.899532E-02
6.910273E-02
6.921062E-02
6.931900E-02
6.942787E-02
6.953724E-02
6.964711E-02
6.975749E-02
6.986838E-02
6.997979E-02
7.009173E-02
7.020419E-02
7.031720E-02
7.043074E-02
7.054484E-02
7.065949E-02
7.077470E-02
7.089048E-02
7.100684E-02
7.112377E-02
7.124129E-02
7.135941E-02
7.147813E-02
7.159746E-02
7.171740E-02
7.183797E-02
7.195917E-02
7.208100E-02
7.220349E-02
7.232663E-02
7.245043E-02
7.257490E-02
7.270005E-02
7.282589E-02
7.295242E-02
7.307966E-02
7.320762E-02
7.333629E-02
7.346570E-02
7.359586E-02
7.372676E-02
7.385843E-02
7.399087E-02
7.412409E-02
7.425811E-02
7.439293E-02
7.452856E-02
7.466502E-02
7.480232E-02
7.494047E-02
7.507948E-02
7.521936E-02
7.536013E-02
7.550180E-02
7.564437E-02
7.578788E-02
7.593232E-02
7.607771E-02
7.622407E-02
7.637141E-02
7.651975E-02
7.666909E-02
7.681946E-02
7.697087E-02
7.712334E-02
7.727689E-02
7.743152E-02
7.758727E-02
7.774414E-02
7.790215E-02
7.806133E-02
7.822168E-02
7.838324E-02
7.854602E-02
7.871004E-02
7.887532E-02
7.904189E-02
7.920976E-02
7.937896E-02
7.954951E-02
7.972143E-02
7.989475E-02
8.006950E-02
8.024570E-02
8.042337E-02
8.060255E-02
8.078325E-02
8.096551E-02
8.114937E-02
8.133484E-02
8.152196E-02
8.171076E-02
8.190127E-02
8.209353E-02
8.228757E-02
8.248343E-02
8.268115E-02
8.288075E-02
8.308229E-02
8.328579E-02
8.349131E-02
8.369888E-02
8.390856E-02
8.412037E-02
8.433438E-02
8.455062E-02
8.476916E-02
8.499003E-02
8.521330E-02
8.543902E-02
8.566724E-02
8.589802E-02
8.613143E-02
8.636753E-02
8.660639E-02
8.684806E-02
8.709263E-02
8.734016E-02
8.759072E-02
8.784441E-02
8.810130E-02
8.836146E-02
8.862500E-02
8.889200E-02
8.916256E-02
8.943677E-02
8.971475E-02
8.999658E-02
9.028239E-02
9.057230E-02
9.086641E-02
9.116487E-02
9.146780E-02
9.177534E-02
9.208764E-02
9.240484E-02
9.272711E-02
9.305461E-02
9.338751E-02
9.372600E-02
9.407027E-02
9.442052E-02
9.477697E-02
9.513983E-02
9.550934E-02
9.588575E-02
9.626932E-02
9.666032E-02
9.705906E-02
9.746583E-02
9.788098E-02
9.830483E-02
9.873777E-02
9.918019E-02
9.963250E-02
1.000951E-01
1.005686E-01
1.010534E-01
1.015500E-01
1.020591E-01
1.025813E-01
1.031172E-01
1.036676E-01
1.042332E-01
1.048150E-01
1.054137E-01
1.060304E-01
1.066662E-01
1.073222E-01
1.079998E-01
1.087003E-01
1.094252E-01
